# This file may be used to create an environment using:
# $ conda create --name <env> --file <this file>
# platform: win-64
# created-by: conda 25.7.0
blas=1.0=mkl
bottleneck=1.4.2=py313h2cb717b_0
bzip2=1.0.8=h2bbff1b_6
ca-certificates=2025.9.9=haa95532_0
expat=2.7.1=h8ddb27b_0
greenlet=3.2.4=py313h885b0b7_0
intel-openmp=2025.0.0=haa95532_1164
libffi=3.4.4=hd77b12b_1
libmpdec=4.0.0=h827c3e9_0
libzlib=1.3.1=h02ab6af_0
mkl=2025.0.0=h5da7b33_930
mkl-service=2.4.0=py313h827c3e9_3
mkl_fft=1.3.11=py313h5810407_1
mkl_random=1.2.8=py313hedd7022_1
numexpr=2.11.0=py313h7660c64_1
numpy=2.3.3=py313h050da96_0
numpy-base=2.3.3=py313h1e017a8_0
openssl=3.0.17=h35632f6_0
pandas=2.3.2=py313h42c1672_0
pip=25.2=pyhc872135_0
pymysql=1.1.2=pyhcf101f3_0
python=3.13.7=h260b955_100_cp313
python-dateutil=2.9.0post0=py313haa95532_2
python-tzdata=2025.2=pyhd3eb1b0_0
python_abi=3.13=1_cp313
pytz=2025.2=py313haa95532_0
setuptools=72.1.0=py313haa95532_0
six=1.17.0=py313haa95532_0
sqlalchemy=2.0.43=py313hda9a48d_0
sqlite=3.50.2=hda9a48d_1
tbb=2022.0.0=h214f63a_0
tbb-devel=2022.0.0=h214f63a_0
tk=8.6.15=hf199647_0
typing-extensions=4.15.0=py313haa95532_0
typing_extensions=4.15.0=py313haa95532_0
tzdata=2025b=h04d1e81_0
ucrt=10.0.22621.0=haa95532_0
vc=14.3=h2df5915_10
vc14_runtime=14.44.35208=h4927774_10
vs2015_runtime=14.44.35208=ha6b5a95_10
wheel=0.45.1=py313haa95532_0
xz=5.6.4=h4754444_1
zlib=1.3.1=h02ab6af_0
